0 1
0 7
0 8
0 256
1 9
1 10
1 256
2 3
2 7
2 9
3 8
3 10
4 5
4 11
4 13
4 15
4 17
5 12
5 14
5 16
5 18
6 11
6 12
7 13
7 14
8 15
8 16
9 17
9 18
10 19
10 20
10 21
10 22
10 23
10 24
11 25
11 26
11 27
11 28
11 29
11 30
11 43
11 49
11 54
11 58
11 61
11 63
12 19
12 25
12 31
12 32
12 33
12 34
13 20
13 26
13 35
13 36
13 37
13 38
13 44
13 64
13 79
13 83
13 86
13 88
13 163
13 167
13 170
13 172
14 21
14 27
14 31
14 35
14 39
14 40
14 45
14 50
14 65
14 69
14 99
14 103
14 112
14 131
15 22
15 28
15 32
15 36
15 41
15 42
15 46
15 51
15 55
15 66
15 70
15 73
15 80
15 89
15 95
15 97
15 100
15 104
15 107
15 113
15 116
15 132
15 135
15 141
15 150
15 164
15 173
15 183
15 193
15 195
15 198
15 219
16 23
16 29
16 33
16 37
16 39
16 41
16 47
16 52
16 56
16 59
16 67
16 71
16 74
16 76
16 81
16 84
16 90
16 92
16 101
16 105
16 109
16 114
16 117
16 119
16 122
16 124
16 127
16 133
16 136
16 138
16 142
16 144
16 146
16 151
16 153
16 156
16 159
16 165
16 168
16 174
16 176
16 179
16 181
16 184
16 186
16 189
16 199
16 201
16 204
16 208
16 213
16 220
16 222
16 225
16 229
16 234
16 240
16 247
17 24
17 30
17 34
17 38
17 40
17 42
17 48
17 53
17 57
17 60
17 62
17 68
17 72
17 75
17 77
17 78
17 82
17 85
17 87
17 91
17 93
17 94
17 96
17 98
17 102
17 106
17 108
17 110
17 111
17 115
17 118
17 120
17 121
17 123
17 125
17 126
17 128
17 129
17 130
17 134
17 137
17 139
17 140
17 143
17 145
17 147
17 148
17 149
17 152
17 154
17 155
17 157
17 158
17 160
17 161
17 162
17 166
17 169
17 171
17 175
17 177
17 178
17 180
17 182
17 185
17 187
17 188
17 190
17 191
17 192
17 194
17 196
17 197
17 200
17 202
17 203
17 205
17 206
17 207
17 209
17 210
17 211
17 212
17 214
17 215
17 216
17 217
17 218
17 221
17 223
17 224
17 226
17 227
17 228
17 230
17 231
17 232
17 233
17 235
17 236
17 237
17 238
17 239
17 241
17 242
17 243
17 244
17 245
17 246
17 248
17 249
17 250
17 251
17 252
17 253
17 254
17 255
18 43
18 44
18 45
18 46
18 47
18 48
19 49
19 50
19 51
19 52
19 53
20 54
20 55
20 56
20 57
21 58
21 59
21 60
22 61
22 62
23 63
24 64
24 65
24 66
24 67
24 68
25 69
25 70
25 71
25 72
26 73
26 74
26 75
27 76
27 77
28 78
30 79
30 80
30 81
30 82
31 83
31 84
31 85
32 86
32 87
33 88
34 89
34 90
34 91
35 92
35 93
36 94
38 95
38 96
39 97
40 98
42 99
42 100
42 101
42 102
43 103
43 104
43 105
43 106
44 107
44 108
45 109
45 110
46 111
48 112
48 113
48 114
48 115
49 116
49 117
49 118
50 119
50 120
51 121
53 122
53 123
54 124
54 125
55 126
57 127
57 128
58 129
60 130
63 131
63 132
63 133
63 134
64 135
64 136
64 137
65 138
65 139
66 140
68 141
68 142
68 143
69 144
70 145
72 146
72 147
73 148
75 149
78 150
78 151
78 152
79 153
79 154
80 155
82 156
82 157
83 158
88 159
88 160
89 161
91 162
98 163
98 164
98 165
98 166
99 167
99 168
99 169
100 170
100 171
101 172
102 173
102 174
102 175
103 176
103 177
104 178
106 179
106 180
107 181
108 182
111 183
111 184
111 185
112 186
112 187
113 188
115 189
115 190
116 191
118 192
121 193
121 194
122 195
123 196
126 197
130 198
130 199
130 200
131 201
131 202
132 203
134 204
134 205
135 206
137 207
140 208
140 209
141 210
143 211
145 212
149 213
149 214
150 215
152 216
155 217
158 218
162 219
162 220
162 221
163 222
163 223
164 224
166 225
166 226
167 227
169 228
172 229
172 230
173 231
175 232
178 233
182 234
182 235
183 236
185 237
188 238
192 239
197 240
197 241
198 242
200 243
203 244
207 245
212 246
218 247
218 248
219 249
221 250
224 251
228 252
233 253
239 254
246 255
1 NOT
3 NOT
5 NOT
6 AND
7 AND
8 AND
9 AND
10 AND
11 AND
12 AND
13 AND
14 AND
15 AND
16 AND
17 AND
18 OR
19 OR
20 OR
21 OR
22 OR
23 OR
24 OR
25 OR
26 OR
27 OR
28 OR
29 OR
30 OR
31 OR
32 OR
33 OR
34 OR
35 OR
36 OR
37 OR
38 OR
39 OR
40 OR
41 OR
42 OR
43 OR
44 OR
45 OR
46 OR
47 OR
48 OR
49 OR
50 OR
51 OR
52 OR
53 OR
54 OR
55 OR
56 OR
57 OR
58 OR
59 OR
60 OR
61 OR
62 OR
63 OR
64 OR
65 OR
66 OR
67 OR
68 OR
69 OR
70 OR
71 OR
72 OR
73 OR
74 OR
75 OR
76 OR
77 OR
78 OR
79 OR
80 OR
81 OR
82 OR
83 OR
84 OR
85 OR
86 OR
87 OR
88 OR
89 OR
90 OR
91 OR
92 OR
93 OR
94 OR
95 OR
96 OR
97 OR
98 OR
99 OR
100 OR
101 OR
102 OR
103 OR
104 OR
105 OR
106 OR
107 OR
108 OR
109 OR
110 OR
111 OR
112 OR
113 OR
114 OR
115 OR
116 OR
117 OR
118 OR
119 OR
120 OR
121 OR
122 OR
123 OR
124 OR
125 OR
126 OR
127 OR
128 OR
129 OR
130 OR
131 OR
132 OR
133 OR
134 OR
135 OR
136 OR
137 OR
138 OR
139 OR
140 OR
141 OR
142 OR
143 OR
144 OR
145 OR
146 OR
147 OR
148 OR
149 OR
150 OR
151 OR
152 OR
153 OR
154 OR
155 OR
156 OR
157 OR
158 OR
159 OR
160 OR
161 OR
162 OR
163 OR
164 OR
165 OR
166 OR
167 OR
168 OR
169 OR
170 OR
171 OR
172 OR
173 OR
174 OR
175 OR
176 OR
177 OR
178 OR
179 OR
180 OR
181 OR
182 OR
183 OR
184 OR
185 OR
186 OR
187 OR
188 OR
189 OR
190 OR
191 OR
192 OR
193 OR
194 OR
195 OR
196 OR
197 OR
198 OR
199 OR
200 OR
201 OR
202 OR
203 OR
204 OR
205 OR
206 OR
207 OR
208 OR
209 OR
210 OR
211 OR
212 OR
213 OR
214 OR
215 OR
216 OR
217 OR
218 OR
219 OR
220 OR
221 OR
222 OR
223 OR
224 OR
225 OR
226 OR
227 OR
228 OR
229 OR
230 OR
231 OR
232 OR
233 OR
234 OR
235 OR
236 OR
237 OR
238 OR
239 OR
240 OR
241 OR
242 OR
243 OR
244 OR
245 OR
246 OR
247 OR
248 OR
249 OR
250 OR
251 OR
252 OR
253 OR
254 OR
255 AND
